Some((
    red: 0.54509807,
    green: 0.8352941,
    blue: 0.7921569,
))